30.6 18.75 32.00 0.07 0.8502 0.156
29.6 21.50 30.00 0.07 0.8827 0.162
28.6 26.75 30.00 0.07 0.8619 0.164
25.6 26.75 30.00 0.07 0.9534 0.175
24.6 21.00 33.00 0.07 0.7626 0.178
23.6 25.75 33.00 0.07 0.7497 0.181
22.6 26.50 33.00 0.07 0.7303 0.184
21.6 25.25 35.00 0.07 0.6385 0.186
18.6 22.75 36.00 0.07 0.5659 0.195
17.6 29.25 36.00 0.07 0.6205 0.197
16.6 32.75 34.00 0.07 0.7456 0.2
15.6 36.25 34.00 0.07 0.7642 0.202
14.6 36.00 36.00 0.07 0.7641 0.205
11.6 38.75 39.00 0.07 0.7187 0.214
10.6 37.00 37.00 0.07 0.7763 0.216
9.6 32.25 39.00 0.07 0.589 0.219
8.6 30.75 41.00 0.07 0.5535 0.222
7.6 33.50 43.00 0.07 0.5621 0.225
4.6 39.25 43.00 0.07 0.5891 0.233
3.6 36.50 43.00 0.07 0.5655 0.236
2.6 38.35 43.00 0.07 0.6021 0.238
1.6 31.25 43.00 0.07 0.4814 0.241
28.6 27.00 25.00 0.07 0.30 0.25